kernel line : count latency dram_traffic smem_bk_conflicts smem_warp gmem_access_generated gmem_warp exposed_latency warp_divergence
hotspot.1.sm_52.ptx 237 : 262144 1978720 0 0 0 27136 11008 0 0 
hotspot.1.sm_52.ptx 236 : 262144 3195696 0 0 0 0 0 0 0 
hotspot.1.sm_52.ptx 235 : 262144 3146528 0 0 0 0 0 0 0 
hotspot.1.sm_52.ptx 234 : 262144 2314200 0 0 0 0 0 0 0 
hotspot.1.sm_52.ptx 233 : 262144 8251312 0 11008 11008 0 0 0 0 
hotspot.1.sm_52.ptx 240 : 473344 3594432 0 0 0 0 0 0 0 
hotspot.1.sm_52.ptx 231 : 473344 1600680 0 0 0 0 0 0 11008 
hotspot.1.sm_52.ptx 230 : 473344 3966656 0 0 0 0 0 0 0 
hotspot.1.sm_52.ptx 126 : 473344 4234016 0 0 0 0 0 0 0 
hotspot.1.sm_52.ptx 125 : 473344 5530656 0 0 0 0 0 0 0 
hotspot.1.sm_52.ptx 124 : 473344 4249728 0 0 0 0 0 0 0 
hotspot.1.sm_52.ptx 123 : 473344 4266112 0 0 0 0 0 0 0 
hotspot.1.sm_52.ptx 122 : 473344 4153472 0 0 0 0 0 0 0 
hotspot.1.sm_52.ptx 121 : 473344 4233536 0 0 0 0 0 0 0 
hotspot.1.sm_52.ptx 120 : 473344 5547872 0 0 0 0 0 0 0 
hotspot.1.sm_52.ptx 119 : 473344 5577088 0 0 0 0 0 0 0 
hotspot.1.sm_52.ptx 118 : 473344 5613216 0 0 0 0 0 0 0 
hotspot.1.sm_52.ptx 117 : 473344 3787296 0 0 0 0 0 0 0 
hotspot.1.sm_52.ptx 116 : 473344 4314688 0 0 0 0 0 0 0 
hotspot.1.sm_52.ptx 115 : 473344 5519840 0 0 0 0 0 0 0 
hotspot.1.sm_52.ptx 114 : 473344 4240928 0 0 0 0 0 0 0 
hotspot.1.sm_52.ptx 113 : 473344 4267904 0 0 0 0 0 0 0 
hotspot.1.sm_52.ptx 112 : 473344 4161024 0 0 0 0 0 0 0 
hotspot.1.sm_52.ptx 111 : 473344 3885600 0 0 0 0 0 0 0 
hotspot.1.sm_52.ptx 109 : 473344 0 0 0 0 0 0 0 0 
hotspot.1.sm_52.ptx 108 : 473344 4221760 0 0 0 0 0 0 0 
hotspot.1.sm_52.ptx 107 : 473344 5599296 0 0 0 0 0 0 0 
hotspot.1.sm_52.ptx 106 : 473344 5439840 0 0 0 0 0 0 0 
hotspot.1.sm_52.ptx 105 : 473344 3594496 0 0 0 0 0 0 0 
hotspot.1.sm_52.ptx 101 : 462400 2118508 0 14620 14620 0 0 0 0 
hotspot.1.sm_52.ptx 100 : 462400 127519476 0 0 0 42840 14620 0 0 
hotspot.1.sm_52.ptx 99 : 462400 5193240 0 0 0 0 0 0 0 
hotspot.1.sm_52.ptx 98 : 462400 3790600 0 0 0 0 0 0 0 
hotspot.1.sm_52.ptx 97 : 462400 2171744 0 14620 14620 0 0 0 0 
hotspot.1.sm_52.ptx 104 : 473344 3459808 0 0 0 0 0 0 0 
hotspot.1.sm_52.ptx 96 : 462400 125480940 0 0 0 42840 14620 0 0 
hotspot.1.sm_52.ptx 95 : 462400 5290196 0 0 0 0 0 0 0 
hotspot.1.sm_52.ptx 94 : 462400 5276852 0 0 0 0 0 0 0 
hotspot.1.sm_52.ptx 93 : 462400 3904308 0 0 0 0 0 0 0 
hotspot.1.sm_52.ptx 91 : 473344 83800 0 0 0 0 0 0 680 
hotspot.1.sm_52.ptx 90 : 473344 4076128 0 0 0 0 0 0 0 
hotspot.1.sm_52.ptx 89 : 473344 5441632 0 0 0 0 0 0 0 
hotspot.1.sm_52.ptx 88 : 473344 5467872 0 0 0 0 0 0 0 
hotspot.1.sm_52.ptx 87 : 473344 3675744 0 0 0 0 0 0 0 
hotspot.1.sm_52.ptx 86 : 473344 5552832 0 0 0 0 0 0 0 
hotspot.1.sm_52.ptx 85 : 473344 4076640 0 0 0 0 0 0 0 
hotspot.1.sm_52.ptx 84 : 473344 5498176 0 0 0 0 0 0 0 
hotspot.1.sm_52.ptx 63 : 473344 5545024 0 0 0 0 0 0 0 
hotspot.1.sm_52.ptx 62 : 473344 3866912 0 0 0 0 0 0 0 
hotspot.1.sm_52.ptx 229 : 473344 4000960 0 0 0 0 0 0 0 
hotspot.1.sm_52.ptx 61 : 473344 4111936 0 0 0 0 0 0 0 
hotspot.1.sm_52.ptx 60 : 473344 3354208 0 0 0 0 0 0 0 
hotspot.1.sm_52.ptx 59 : 473344 1555808 0 0 0 0 0 0 0 
hotspot.1.sm_52.ptx 226 : 473344 3768864 0 0 0 0 0 0 0 
hotspot.1.sm_52.ptx 58 : 473344 1517184 0 0 0 0 0 0 0 
hotspot.1.sm_52.ptx 225 : 473344 4389952 0 0 0 0 0 0 0 
hotspot.1.sm_52.ptx 57 : 473344 1555136 0 0 0 0 0 0 0 
hotspot.1.sm_52.ptx 224 : 473344 5663424 0 0 0 0 0 0 0 
hotspot.1.sm_52.ptx 56 : 473344 1518720 0 0 0 0 0 0 0 
hotspot.1.sm_52.ptx 223 : 473344 5098272 0 0 0 0 0 0 0 
hotspot.1.sm_52.ptx 55 : 473344 1556256 0 0 0 0 0 0 0 
hotspot.1.sm_52.ptx 222 : 473344 3259776 0 0 0 0 0 0 0 
hotspot.1.sm_52.ptx 54 : 473344 1523232 0 0 0 0 0 0 0 
hotspot.1.sm_52.ptx 128 : 473344 5544640 0 0 0 0 0 0 0 
hotspot.1.sm_52.ptx 49 : 473344 3693952 0 0 0 0 0 0 0 
hotspot.1.sm_52.ptx 216 : 473344 832144 0 0 0 0 0 0 14620 
hotspot.1.sm_52.ptx 127 : 473344 5559424 0 0 0 0 0 0 0 
hotspot.1.sm_52.ptx 48 : 473344 3681344 0 0 0 0 0 0 0 
hotspot.1.sm_52.ptx 215 : 473344 4002784 0 0 0 0 0 0 0 
hotspot.1.sm_52.ptx 129 : 473344 5511808 0 0 0 0 0 0 0 
hotspot.1.sm_52.ptx 50 : 473344 1728992 0 0 0 0 0 0 0 
hotspot.1.sm_52.ptx 51 : 473344 1644544 0 0 0 0 0 0 0 
hotspot.1.sm_52.ptx 218 : 355216 11371944 0 14620 14620 0 0 0 0 
hotspot.1.sm_52.ptx 52 : 473344 1529952 0 0 0 0 0 0 0 
hotspot.1.sm_52.ptx 219 : 355216 1685009 0 14620 14620 0 0 0 0 
hotspot.1.sm_52.ptx 53 : 473344 1556736 0 0 0 0 0 0 0 
hotspot.1.sm_52.ptx 64 : 473344 3914080 0 0 0 0 0 0 0 
hotspot.1.sm_52.ptx 65 : 473344 5558240 0 0 0 0 0 0 0 
hotspot.1.sm_52.ptx 66 : 473344 5631360 0 0 0 0 0 0 0 
hotspot.1.sm_52.ptx 67 : 473344 3842400 0 0 0 0 0 0 0 
hotspot.1.sm_52.ptx 68 : 473344 5591968 0 0 0 0 0 0 0 
hotspot.1.sm_52.ptx 69 : 473344 5579968 0 0 0 0 0 0 0 
hotspot.1.sm_52.ptx 70 : 473344 3884224 0 0 0 0 0 0 0 
hotspot.1.sm_52.ptx 71 : 473344 5599072 0 0 0 0 0 0 0 
hotspot.1.sm_52.ptx 72 : 473344 3868800 0 0 0 0 0 0 0 
hotspot.1.sm_52.ptx 73 : 473344 5564320 0 0 0 0 0 0 0 
hotspot.1.sm_52.ptx 74 : 473344 6057376 0 0 0 0 0 0 0 
hotspot.1.sm_52.ptx 75 : 473344 4206560 0 0 0 0 0 0 0 
hotspot.1.sm_52.ptx 76 : 473344 4322336 0 0 0 0 0 0 0 
hotspot.1.sm_52.ptx 77 : 473344 4222304 0 0 0 0 0 0 0 
hotspot.1.sm_52.ptx 78 : 473344 4132896 0 0 0 0 0 0 0 
hotspot.1.sm_52.ptx 79 : 473344 4303520 0 0 0 0 0 0 0 
hotspot.1.sm_52.ptx 80 : 473344 4143232 0 0 0 0 0 0 0 
hotspot.1.sm_52.ptx 81 : 473344 4123776 0 0 0 0 0 0 0 
hotspot.1.sm_52.ptx 82 : 473344 4170240 0 0 0 0 0 0 0 
hotspot.1.sm_52.ptx 83 : 473344 3774528 0 0 0 0 0 0 0 
hotspot.1.sm_52.ptx 130 : 473344 4237376 0 0 0 0 0 0 0 
hotspot.1.sm_52.ptx 131 : 473344 5533920 0 0 0 0 0 0 0 
hotspot.1.sm_52.ptx 132 : 473344 5481056 0 0 0 0 0 0 0 
hotspot.1.sm_52.ptx 133 : 473344 5471040 0 0 0 0 0 0 0 
hotspot.1.sm_52.ptx 134 : 473344 5602752 0 0 0 0 0 0 0 
hotspot.1.sm_52.ptx 135 : 473344 4391808 0 0 0 0 0 0 0 
hotspot.1.sm_52.ptx 136 : 473344 27666336 0 0 0 0 0 0 0 
hotspot.1.sm_52.ptx 137 : 473344 4247584 0 0 0 0 0 0 0 
hotspot.1.sm_52.ptx 138 : 473344 9842656 0 0 0 0 0 0 0 
hotspot.1.sm_52.ptx 139 : 473344 4300768 0 0 0 0 0 0 0 
hotspot.1.sm_52.ptx 140 : 473344 5911520 0 0 0 0 0 0 0 
hotspot.1.sm_52.ptx 141 : 473344 5905120 0 0 0 0 0 0 0 
hotspot.1.sm_52.ptx 142 : 473344 9894912 0 0 0 0 0 0 0 
hotspot.1.sm_52.ptx 143 : 473344 4313792 0 0 0 0 0 0 0 
hotspot.1.sm_52.ptx 144 : 473344 5663168 0 0 0 0 0 0 0 
hotspot.1.sm_52.ptx 145 : 473344 5663104 0 0 0 0 0 0 0 
hotspot.1.sm_52.ptx 146 : 473344 15172800 0 0 0 0 0 0 0 
hotspot.1.sm_52.ptx 147 : 473344 4355328 0 0 0 0 0 0 0 
hotspot.1.sm_52.ptx 148 : 473344 9918112 0 0 0 0 0 0 0 
hotspot.1.sm_52.ptx 149 : 473344 4359456 0 0 0 0 0 0 0 
hotspot.1.sm_52.ptx 150 : 473344 5699168 0 0 0 0 0 0 0 
hotspot.1.sm_52.ptx 151 : 473344 9914656 0 0 0 0 0 0 0 
hotspot.1.sm_52.ptx 152 : 473344 4331584 0 0 0 0 0 0 0 
hotspot.1.sm_52.ptx 153 : 473344 5672416 0 0 0 0 0 0 0 
hotspot.1.sm_52.ptx 154 : 473344 15810880 0 0 0 0 0 0 0 
hotspot.1.sm_52.ptx 155 : 473344 4273536 0 0 0 0 0 0 0 
hotspot.1.sm_52.ptx 156 : 473344 4228160 0 0 0 0 0 0 0 
hotspot.1.sm_52.ptx 157 : 473344 4266528 0 0 0 0 0 0 0 
hotspot.1.sm_52.ptx 158 : 473344 4191008 0 0 0 0 0 0 0 
hotspot.1.sm_52.ptx 159 : 473344 4285792 0 0 0 0 0 0 0 
hotspot.1.sm_52.ptx 160 : 473344 4269504 0 0 0 0 0 0 0 
hotspot.1.sm_52.ptx 161 : 473344 4215616 0 0 0 0 0 0 0 
hotspot.1.sm_52.ptx 162 : 473344 14522176 0 0 0 0 0 0 0 
hotspot.1.sm_52.ptx 163 : 473344 3666048 0 0 0 0 0 0 0 
hotspot.1.sm_52.ptx 164 : 473344 3728832 0 0 0 0 0 0 0 
hotspot.1.sm_52.ptx 165 : 473344 3761568 0 0 0 0 0 0 0 
hotspot.1.sm_52.ptx 168 : 946688 7398304 0 0 0 0 0 0 0 
hotspot.1.sm_52.ptx 169 : 946688 11127712 0 0 0 0 0 0 0 
hotspot.1.sm_52.ptx 170 : 946688 8472224 0 0 0 0 0 0 0 
hotspot.1.sm_52.ptx 171 : 946688 8576000 0 0 0 0 0 0 0 
hotspot.1.sm_52.ptx 172 : 946688 8281248 0 0 0 0 0 0 0 
hotspot.1.sm_52.ptx 173 : 946688 8117184 0 0 0 0 0 0 0 
hotspot.1.sm_52.ptx 174 : 946688 1331856 0 0 0 0 0 0 29584 
hotspot.1.sm_52.ptx 176 : 769184 6659168 0 0 0 0 0 0 0 
hotspot.1.sm_52.ptx 177 : 769184 6581000 0 0 0 0 0 0 0 
hotspot.1.sm_52.ptx 178 : 769184 6652832 0 0 0 0 0 0 0 
hotspot.1.sm_52.ptx 179 : 769184 6627732 0 0 0 0 0 0 0 
hotspot.1.sm_52.ptx 180 : 769184 6620292 0 0 0 0 0 0 0 
hotspot.1.sm_52.ptx 181 : 769184 6533760 0 0 0 0 0 0 0 
hotspot.1.sm_52.ptx 182 : 769184 1135796 0 0 0 0 0 0 4380 
hotspot.1.sm_52.ptx 211 : 946688 7249920 0 0 0 0 0 0 0 
hotspot.1.sm_52.ptx 184 : 617360 19526690 0 25628 25628 0 0 0 0 
hotspot.1.sm_52.ptx 185 : 617360 5151995 0 0 0 0 0 0 0 
hotspot.1.sm_52.ptx 186 : 617360 19557771 0 25628 25628 0 0 0 0 
hotspot.1.sm_52.ptx 187 : 617360 5131936 0 0 0 0 0 0 0 
hotspot.1.sm_52.ptx 188 : 617360 19582563 0 25628 25628 0 0 0 0 
hotspot.1.sm_52.ptx 189 : 617360 19637941 0 25628 25628 0 0 0 0 
hotspot.1.sm_52.ptx 190 : 617360 7138428 0 0 0 0 0 0 0 
hotspot.1.sm_52.ptx 191 : 617360 5337555 0 0 0 0 0 0 0 
hotspot.1.sm_52.ptx 192 : 617360 21954465 0 0 0 0 0 0 0 
hotspot.1.sm_52.ptx 193 : 617360 27645311 0 0 0 0 0 0 0 
hotspot.1.sm_52.ptx 194 : 617360 5327802 0 0 0 0 0 0 0 
hotspot.1.sm_52.ptx 195 : 617360 19441593 0 25628 25628 0 0 0 0 
hotspot.1.sm_52.ptx 196 : 617360 19489145 0 25628 25628 0 0 0 0 
hotspot.1.sm_52.ptx 197 : 617360 7062564 0 0 0 0 0 0 0 
hotspot.1.sm_52.ptx 198 : 617360 5285296 0 0 0 0 0 0 0 
hotspot.1.sm_52.ptx 199 : 617360 25153303 0 0 0 0 0 0 0 
hotspot.1.sm_52.ptx 200 : 617360 5404970 0 0 0 0 0 0 0 
hotspot.1.sm_52.ptx 201 : 617360 7178204 0 0 0 0 0 0 0 
hotspot.1.sm_52.ptx 202 : 617360 7074083 0 0 0 0 0 0 0 
hotspot.1.sm_52.ptx 203 : 617360 5331486 0 0 0 0 0 0 0 
hotspot.1.sm_52.ptx 204 : 617360 24082064 0 0 0 0 0 0 0 
hotspot.1.sm_52.ptx 205 : 617360 5395681 0 0 0 0 0 0 0 
hotspot.1.sm_52.ptx 206 : 617360 5297351 0 0 0 0 0 0 0 
hotspot.1.sm_52.ptx 207 : 617360 2833435 0 25628 25628 0 0 0 0 
hotspot.1.sm_52.ptx 208 : 617360 5283411 0 0 0 0 0 0 0 
hotspot.1.sm_52.ptx 212 : 946688 8057792 0 0 0 0 0 0 0 
hotspot.1.sm_52.ptx 213 : 946688 3641920 0 0 0 0 0 0 0 
