512
0 3
3 6
9 6
15 4
19 8
27 5
32 7
39 4
43 2
45 8
53 2
55 9
64 7
71 7
78 9
87 6
93 7
100 6
106 5
111 6
117 6
123 4
127 2
129 2
131 7
138 7
145 1
146 5
151 7
158 5
163 3
166 7
173 5
178 10
188 2
190 6
196 8
204 8
212 8
220 7
227 5
232 6
238 6
244 5
249 2
251 1
252 11
263 7
270 4
274 6
280 8
288 4
292 10
302 4
306 8
314 2
316 2
318 6
324 7
331 3
334 7
341 3
344 7
351 4
355 3
358 5
363 3
366 5
371 5
376 2
378 5
383 3
386 8
394 6
400 5
405 8
413 8
421 4
425 7
432 5
437 7
444 6
450 4
454 7
461 6
467 8
475 6
481 2
483 4
487 7
494 7
501 6
507 6
513 5
518 2
520 4
524 4
528 5
533 3
536 2
538 6
544 3
547 6
553 8
561 6
567 3
570 7
577 5
582 6
588 8
596 2
598 1
599 8
607 8
615 6
621 4
625 10
635 5
640 3
643 5
648 3
651 5
656 4
660 3
663 5
668 12
680 3
683 1
684 5
689 5
694 6
700 5
705 4
709 6
715 5
720 5
725 1
726 4
730 6
736 4
740 2
742 6
748 7
755 4
759 3
762 5
767 4
771 8
779 8
787 8
795 3
798 5
803 2
805 3
808 6
814 9
823 6
829 3
832 1
833 8
841 5
846 7
853 9
862 0
862 5
867 4
871 5
876 6
882 3
885 2
887 8
895 7
902 2
904 5
909 8
917 8
925 6
931 0
931 9
940 6
946 5
951 4
955 2
957 6
963 4
967 5
972 5
977 8
985 3
988 6
994 3
997 2
999 7
1006 8
1014 2
1016 2
1018 4
1022 5
1027 7
1034 8
1042 7
1049 9
1058 5
1063 0
1063 2
1065 2
1067 9
1076 5
1081 9
1090 3
1093 2
1095 2
1097 6
1103 7
1110 1
1111 1
1112 3
1115 8
1123 3
1126 4
1130 0
1130 5
1135 5
1140 10
1150 9
1159 2
1161 5
1166 6
1172 8
1180 3
1183 4
1187 2
1189 7
1196 4
1200 2
1202 5
1207 3
1210 4
1214 4
1218 5
1223 4
1227 4
1231 4
1235 7
1242 4
1246 4
1250 6
1256 6
1262 6
1268 3
1271 3
1274 3
1277 4
1281 2
1283 9
1292 5
1297 5
1302 8
1310 4
1314 1
1315 7
1322 8
1330 5
1335 2
1337 6
1343 6
1349 7
1356 5
1361 4
1365 8
1373 4
1377 4
1381 9
1390 8
1398 3
1401 5
1406 5
1411 4
1415 6
1421 5
1426 5
1431 3
1434 8
1442 6
1448 8
1456 5
1461 4
1465 7
1472 6
1478 7
1485 6
1491 7
1498 5
1503 5
1508 9
1517 2
1519 7
1526 4
1530 9
1539 3
1542 3
1545 5
1550 3
1553 5
1558 4
1562 3
1565 8
1573 4
1577 8
1585 3
1588 7
1595 5
1600 3
1603 9
1612 5
1617 8
1625 3
1628 4
1632 3
1635 6
1641 5
1646 5
1651 4
1655 6
1661 4
1665 1
1666 4
1670 6
1676 4
1680 4
1684 5
1689 5
1694 3
1697 6
1703 8
1711 8
1719 3
1722 7
1729 3
1732 5
1737 1
1738 4
1742 3
1745 5
1750 4
1754 6
1760 4
1764 8
1772 6
1778 7
1785 3
1788 6
1794 6
1800 2
1802 5
1807 7
1814 7
1821 5
1826 4
1830 2
1832 3
1835 4
1839 4
1843 4
1847 9
1856 6
1862 8
1870 9
1879 9
1888 9
1897 7
1904 5
1909 4
1913 7
1920 6
1926 1
1927 3
1930 5
1935 7
1942 4
1946 4
1950 5
1955 8
1963 2
1965 4
1969 2
1971 6
1977 9
1986 10
1996 5
2001 2
2003 9
2012 6
2018 1
2019 2
2021 7
2028 5
2033 3
2036 5
2041 4
2045 7
2052 4
2056 7
2063 3
2066 6
2072 6
2078 6
2084 6
2090 7
2097 5
2102 8
2110 4
2114 3
2117 5
2122 5
2127 4
2131 2
2133 4
2137 4
2141 7
2148 8
2156 5
2161 6
2167 7
2174 7
2181 3
2184 6
2190 1
2191 3
2194 2
2196 5
2201 5
2206 7
2213 4
2217 8
2225 3
2228 2
2230 11
2241 7
2248 2
2250 6
2256 5
2261 3
2264 3
2267 0
2267 6
2273 7
2280 9
2289 7
2296 4
2300 4
2304 8
2312 6
2318 4
2322 6
2328 4
2332 9
2341 4
2345 4
2349 2
2351 1
2352 5
2357 6
2363 1
2364 4
2368 7
2375 3
2378 6
2384 4
2388 4
2392 4
2396 4
2400 10
2410 4
2414 1
2415 5
2420 5
2425 7
2432 3
2435 4
2439 4
2443 5
2448 3
2451 9
2460 6
2466 3
2469 5
2474 5
2479 2
2481 6
2487 3
2490 6
2496 4
2500 4
2504 4
2508 2
2510 8
2518 7
2525 5
2530 2
2532 5
2537 9
2546 6
2552 6
2558 1
2559 5
2564 3
2567 8
2575 3
2578 6
2584 6
2590 4

0

2594
83 1
186 1
300 1
28 1
58 1
66 1
82 1
219 1
327 1
52 1
146 1
228 1
302 1
360 1
415 1
8 1
144 1
273 1
380 1
19 1
84 1
90 1
342 1
354 1
384 1
426 1
491 1
164 1
298 1
335 1
343 1
465 1
51 1
75 1
193 1
255 1
321 1
383 1
448 1
295 1
298 1
387 1
494 1
3 1
248 1
106 1
113 1
138 1
170 1
172 1
282 1
343 1
418 1
50 1
471 1
31 1
71 1
142 1
149 1
250 1
268 1
333 1
429 1
508 1
133 1
162 1
199 1
300 1
381 1
432 1
489 1
51 1
118 1
131 1
174 1
257 1
260 1
373 1
157 1
180 1
224 1
277 1
349 1
371 1
382 1
423 1
496 1
60 1
72 1
129 1
225 1
369 1
409 1
100 1
107 1
120 1
217 1
242 1
262 1
500 1
38 1
201 1
265 1
266 1
350 1
368 1
85 1
89 1
103 1
106 1
367 1
4 1
247 1
264 1
272 1
278 1
478 1
39 1
86 1
160 1
276 1
449 1
468 1
42 1
159 1
187 1
221 1
89 1
337 1
221 1
291 1
60 1
170 1
184 1
331 1
376 1
437 1
438 1
161 1
178 1
212 1
254 1
272 1
420 1
488 1
181 1
72 1
154 1
157 1
309 1
495 1
1 1
47 1
152 1
169 1
330 1
357 1
507 1
36 1
104 1
223 1
256 1
341 1
168 1
366 1
453 1
11 1
54 1
74 1
208 1
235 1
275 1
454 1
34 1
90 1
298 1
310 1
387 1
35 1
47 1
69 1
166 1
261 1
283 1
390 1
447 1
457 1
508 1
32 1
419 1
33 1
83 1
91 1
211 1
370 1
448 1
29 1
100 1
155 1
159 1
184 1
279 1
284 1
298 1
93 1
208 1
245 1
328 1
338 1
354 1
382 1
437 1
17 1
41 1
119 1
174 1
196 1
299 1
422 1
447 1
20 1
269 1
272 1
301 1
361 1
400 1
424 1
135 1
201 1
326 1
441 1
461 1
38 1
104 1
161 1
178 1
279 1
306 1
21 1
58 1
80 1
170 1
227 1
502 1
149 1
229 1
268 1
339 1
408 1
99 1
395 1
219 1
57 1
69 1
117 1
209 1
283 1
351 1
362 1
410 1
441 1
472 1
489 1
28 1
33 1
297 1
379 1
411 1
461 1
473 1
187 1
329 1
432 1
436 1
155 1
208 1
265 1
282 1
305 1
384 1
10 1
77 1
255 1
285 1
301 1
331 1
343 1
503 1
6 1
13 1
249 1
391 1
2 1
238 1
251 1
281 1
359 1
361 1
387 1
396 1
451 1
480 1
113 1
135 1
315 1
355 1
31 1
74 1
88 1
101 1
193 1
338 1
446 1
457 1
285 1
328 1
155 1
237 1
46 1
114 1
145 1
240 1
328 1
406 1
1 1
42 1
62 1
151 1
157 1
219 1
448 1
112 1
260 1
386 1
15 1
24 1
126 1
367 1
431 1
480 1
493 1
251 1
367 1
415 1
58 1
135 1
147 1
171 1
331 1
336 1
376 1
86 1
131 1
279 1
317 1
101 1
107 1
227 1
92 1
159 1
308 1
335 1
489 1
1 1
138 1
273 1
95 1
232 1
261 1
319 1
458 1
75 1
305 1
307 1
395 1
466 1
33 1
46 1
119 1
201 1
360 1
379 1
500 1
11 1
142 1
472 1
15 1
27 1
145 1
149 1
193 1
388 1
408 1
448 1
97 1
114 1
176 1
232 1
289 1
386 1
31 1
54 1
108 1
306 1
420 1
6 1
68 1
92 1
134 1
155 1
265 1
269 1
397 1
90 1
187 1
193 1
213 1
417 1
420 1
466 1
484 1
50 1
112 1
291 1
392 1
81 1
133 1
246 1
294 1
342 1
456 1
467 1
80 1
91 1
188 1
368 1
478 1
42 1
79 1
171 1
223 1
402 1
408 1
424 1
78 1
138 1
335 1
337 1
472 1
483 1
1 1
174 1
388 1
421 1
0 1
35 1
147 1
227 1
358 1
365 1
456 1
4 1
117 1
121 1
128 1
202 1
337 1
18 1
88 1
95 1
108 1
130 1
193 1
326 1
396 1
20 1
63 1
223 1
294 1
327 1
426 1
288 1
404 1
54 1
85 1
351 1
454 1
18 1
22 1
125 1
433 1
438 1
450 1
509 1
4 1
32 1
76 1
166 1
206 1
369 1
398 1
35 1
79 1
95 1
215 1
319 1
423 1
65 1
75 1
123 1
243 1
292 1
394 1
37 1
172 1
179 1
244 1
386 1
148 1
315 1
67 1
85 1
91 1
109 1
227 1
235 1
296 1
334 1
73 1
254 1
284 1
313 1
401 1
206 1
371 1
446 1
44 1
242 1
16 1
36 1
241 1
354 1
392 1
462 1
54 1
64 1
271 1
112 1
129 1
198 1
261 1
313 1
316 1
18 1
115 1
242 1
275 1
280 1
298 1
334 1
510 1
29 1
41 1
124 1
263 1
289 1
467 1
290 1
373 1
510 1
9 1
18 1
141 1
344 1
366 1
424 1
493 1
16 1
64 1
199 1
428 1
430 1
74 1
85 1
116 1
323 1
452 1
469 1
95 1
171 1
195 1
257 1
417 1
456 1
487 1
498 1
144 1
241 1
367 1
59 1
77 1
102 1
113 1
140 1
219 1
294 1
420 1
9 1
53 1
112 1
223 1
243 1
282 1
334 1
366 1
57 1
73 1
257 1
348 1
475 1
483 1
103 1
142 1
291 1
429 1
108 1
127 1
142 1
174 1
313 1
319 1
352 1
366 1
420 1
499 1
46 1
84 1
199 1
402 1
425 1
13 1
125 1
294 1
38 1
70 1
148 1
345 1
400 1
16 1
395 1
403 1
84 1
253 1
391 1
434 1
504 1
206 1
208 1
386 1
477 1
92 1
372 1
494 1
104 1
141 1
146 1
434 1
475 1
89 1
118 1
175 1
180 1
224 1
245 1
402 1
419 1
455 1
477 1
487 1
491 1
60 1
402 1
409 1
116 1
84 1
156 1
222 1
365 1
434 1
15 1
102 1
189 1
321 1
365 1
85 1
250 1
349 1
392 1
423 1
492 1
13 1
63 1
312 1
426 1
498 1
197 1
364 1
449 1
451 1
12 1
78 1
154 1
206 1
270 1
299 1
75 1
238 1
355 1
372 1
511 1
40 1
53 1
62 1
346 1
462 1
446 1
174 1
206 1
230 1
299 1
9 1
66 1
81 1
226 1
374 1
408 1
179 1
351 1
385 1
389 1
112 1
221 1
106 1
124 1
167 1
173 1
304 1
356 1
11 1
71 1
115 1
116 1
281 1
480 1
507 1
212 1
214 1
333 1
421 1
3 1
110 1
325 1
57 1
72 1
189 1
318 1
479 1
2 1
124 1
320 1
448 1
62 1
83 1
175 1
217 1
314 1
333 1
370 1
467 1
94 1
119 1
200 1
345 1
363 1
401 1
410 1
456 1
11 1
43 1
72 1
241 1
264 1
391 1
393 1
505 1
296 1
447 1
503 1
58 1
213 1
333 1
382 1
417 1
28 1
452 1
175 1
238 1
483 1
27 1
133 1
217 1
356 1
497 1
506 1
36 1
49 1
56 1
75 1
178 1
271 1
283 1
465 1
469 1
128 1
167 1
261 1
306 1
437 1
440 1
14 1
27 1
58 1
465 1
21 1
36 1
65 1
246 1
296 1
377 1
400 1
424 1
20 1
200 1
293 1
400 1
453 1
25 1
41 1
334 1
367 1
374 1
384 1
397 1
12 1
186 1
208 1
330 1
336 1
406 1
418 1
437 1
467 1
5 1
233 1
286 1
291 1
459 1
188 1
192 1
318 1
491 1
33 1
90 1
407 1
442 1
507 1
141 1
156 1
206 1
262 1
330 1
403 1
30 1
182 1
389 1
28 1
364 1
9 1
24 1
42 1
290 1
292 1
326 1
473 1
486 1
62 1
80 1
109 1
209 1
257 1
366 1
406 1
9 1
93 1
141 1
176 1
294 1
475 1
509 1
13 1
38 1
82 1
116 1
137 1
265 1
352 1
452 1
125 1
147 1
153 1
202 1
323 1
345 1
410 1
462 1
73 1
173 1
269 1
337 1
386 1
510 1
25 1
41 1
155 1
204 1
213 1
307 1
421 1
443 1
451 1
93 1
139 1
217 1
304 1
347 1
399 1
14 1
125 1
201 1
298 1
355 1
26 1
191 1
418 1
492 1
168 1
468 1
200 1
311 1
364 1
368 1
465 1
486 1
24 1
36 1
284 1
364 1
228 1
232 1
297 1
310 1
484 1
0 1
162 1
243 1
404 1
486 1
21 1
48 1
76 1
308 1
335 1
348 1
391 1
469 1
79 1
165 1
339 1
129 1
145 1
268 1
382 1
456 1
472 1
272 1
395 1
424 1
181 1
212 1
165 1
212 1
405 1
440 1
472 1
479 1
501 1
6 1
54 1
72 1
76 1
85 1
223 1
323 1
507 1
400 1
500 1
109 1
207 1
38 1
282 1
499 1
502 1
132 1
253 1
316 1
453 1
497 1
102 1
269 1
272 1
275 1
276 1
356 1
484 1
12 1
107 1
117 1
213 1
218 1
224 1
332 1
455 1
148 1
160 1
183 1
313 1
345 1
387 1
485 1
17 1
40 1
70 1
180 1
300 1
394 1
407 1
419 1
422 1
84 1
175 1
245 1
390 1
407 1
178 1
246 1
213 1
510 1
90 1
98 1
122 1
133 1
137 1
167 1
311 1
486 1
501 1
195 1
239 1
272 1
374 1
404 1
31 1
37 1
49 1
122 1
162 1
212 1
276 1
321 1
408 1
46 1
171 1
454 1
362 1
371 1
35 1
435 1
25 1
143 1
191 1
192 1
208 1
381 1
76 1
151 1
178 1
199 1
205 1
298 1
481 1
143 1
91 1
422 1
424 1
470 1
16 1
147 1
154 1
179 1
317 1
349 1
443 1
483 1
199 1
318 1
484 1
1 1
45 1
58 1
112 1
21 1
23 1
140 1
239 1
501 1
128 1
254 1
396 1
455 1
471 1
29 1
80 1
86 1
113 1
193 1
271 1
274 1
414 1
420 1
422 1
14 1
125 1
199 1
267 1
269 1
333 1
378 1
415 1
497 1
15 1
464 1
138 1
240 1
368 1
369 1
509 1
42 1
64 1
83 1
96 1
289 1
493 1
2 1
185 1
307 1
310 1
356 1
368 1
431 1
497 1
43 1
440 1
461 1
137 1
252 1
464 1
485 1
290 1
309 1
67 1
73 1
185 1
344 1
389 1
442 1
473 1
164 1
279 1
349 1
451 1
319 1
409 1
31 1
96 1
262 1
413 1
432 1
266 1
349 1
357 1
56 1
298 1
471 1
489 1
52 1
134 1
153 1
441 1
207 1
221 1
256 1
377 1
502 1
57 1
226 1
430 1
451 1
100 1
110 1
149 1
347 1
16 1
99 1
103 1
306 1
92 1
113 1
186 1
355 1
379 1
386 1
404 1
93 1
282 1
287 1
486 1
37 1
125 1
202 1
483 1
78 1
159 1
204 1
301 1
414 1
483 1
19 1
364 1
378 1
422 1
454 1
472 1
8 1
267 1
285 1
445 1
456 1
483 1
51 1
412 1
437 1
11 1
130 1
260 1
52 1
61 1
426 1
230 1
321 1
399 1
503 1
121 1
197 1
25 1
97 1
222 1
293 1
313 1
334 1
356 1
399 1
454 1
6 1
50 1
315 1
404 1
487 1
29 1
239 1
329 1
363 1
438 1
13 1
109 1
114 1
171 1
337 1
414 1
475 1
500 1
283 1
382 1
414 1
441 1
442 1
13 1
59 1
250 1
341 1
347 1
348 1
505 1
33 1
67 1
102 1
156 1
321 1
433 1
479 1
484 1
16 1
167 1
235 1
308 1
425 1
104 1
477 1
19 1
149 1
265 1
303 1
310 1
335 1
17 1
49 1
75 1
174 1
264 1
402 1
17 1
236 1
292 1
303 1
322 1
369 1
410 1
224 1
248 1
289 1
409 1
461 1
11 1
43 1
189 1
279 1
39 1
75 1
176 1
198 1
224 1
270 1
368 1
437 1
133 1
269 1
298 1
380 1
101 1
155 1
223 1
451 1
19 1
25 1
39 1
190 1
198 1
207 1
280 1
361 1
509 1
3 1
66 1
286 1
344 1
377 1
428 1
477 1
482 1
223 1
440 1
462 1
31 1
103 1
198 1
280 1
355 1
20 1
198 1
208 1
337 1
410 1
14 1
327 1
401 1
493 1
19 1
294 1
348 1
368 1
426 1
470 1
36 1
41 1
63 1
233 1
268 1
103 1
272 1
275 1
372 1
424 1
52 1
142 1
313 1
9 1
49 1
113 1
196 1
244 1
303 1
366 1
383 1
33 1
46 1
155 1
258 1
367 1
472 1
36 1
97 1
184 1
288 1
306 1
447 1
476 1
488 1
50 1
55 1
248 1
361 1
391 1
164 1
273 1
365 1
419 1
244 1
302 1
348 1
372 1
384 1
458 1
500 1
87 1
284 1
292 1
328 1
418 1
468 1
73 1
104 1
227 1
267 1
371 1
457 1
507 1
105 1
170 1
231 1
440 1
496 1
497 1
23 1
77 1
115 1
164 1
371 1
375 1
434 1
92 1
170 1
266 1
288 1
301 1
160 1
254 1
387 1
410 1
432 1
78 1
86 1
112 1
118 1
173 1
278 1
339 1
445 1
461 1
7 1
388 1
96 1
150 1
159 1
313 1
347 1
404 1
428 1
47 1
185 1
419 1
489 1
5 1
7 1
32 1
36 1
103 1
180 1
213 1
237 1
270 1
38 1
133 1
137 1
0 1
12 1
201 1
39 1
50 1
246 1
292 1
456 1
2 1
287 1
382 1
264 1
266 1
282 1
312 1
472 1
141 1
179 1
435 1
470 1
49 1
68 1
419 1
41 1
74 1
156 1
242 1
284 1
330 1
385 1
453 1
68 1
178 1
228 1
314 1
65 1
187 1
262 1
331 1
433 1
467 1
494 1
506 1
27 1
231 1
492 1
32 1
185 1
228 1
264 1
347 1
351 1
509 1
183 1
206 1
332 1
373 1
411 1
131 1
303 1
451 1
97 1
102 1
116 1
200 1
254 1
281 1
296 1
327 1
446 1
147 1
307 1
315 1
343 1
458 1
53 1
94 1
255 1
314 1
387 1
407 1
421 1
498 1
102 1
197 1
431 1
63 1
217 1
362 1
475 1
145 1
165 1
218 1
67 1
91 1
116 1
234 1
355 1
449 1
146 1
341 1
369 1
380 1
496 1
6 1
129 1
208 1
252 1
261 1
266 1
346 1
359 1
388 1
108 1
175 1
193 1
339 1
402 1
469 1
347 1
439 1
491 1
502 1
144 1
40 1
85 1
170 1
452 1
1 1
86 1
277 1
313 1
415 1
434 1
37 1
55 1
57 1
288 1
48 1
256 1
396 1
502 1
28 1
162 1
167 1
306 1
366 1
24 1
50 1
62 1
308 1
352 1
199 1
311 1
387 1
11 1
143 1
147 1
151 1
224 1
430 1
96 1
103 1
113 1
161 1
254 1
363 1
438 1
505 1
5 1
65 1
81 1
187 1
264 1
345 1
388 1
492 1
62 1
162 1
374 1
22 1
81 1
84 1
176 1
257 1
276 1
480 1
37 1
54 1
447 1
43 1
188 1
294 1
323 1
413 1
483 1
29 1
260 1
320 1
423 1
4 1
78 1
425 1
5 1
9 1
50 1
314 1
349 1
106 1
232 1
273 1
481 1
119 1
148 1
175 1
200 1
335 1
477 1
135 1
322 1
437 1
450 1
179 1
241 1
260 1
296 1
310 1
324 1
434 1
465 1
114 1
187 1
260 1
278 1
287 1
438 1
14 1
130 1
217 1
233 1
236 1
343 1
354 1
17 1
367 1
368 1
46 1
88 1
139 1
310 1
448 1
450 1
116 1
174 1
331 1
378 1
431 1
476 1
472 1
490 1
4 1
37 1
100 1
349 1
370 1
53 1
134 1
180 1
243 1
275 1
319 1
357 1
141 1
154 1
198 1
228 1
254 1
389 1
503 1
28 1
236 1
355 1
392 1
430 1
83 1
370 1
377 1
491 1
52 1
322 1
2 1
70 1
445 1
39 1
52 1
272 1
285 1
46 1
210 1
317 1
373 1
148 1
256 1
334 1
405 1
132 1
169 1
183 1
184 1
247 1
443 1
483 1
490 1
496 1
83 1
128 1
129 1
286 1
401 1
505 1
30 1
106 1
113 1
116 1
171 1
282 1
330 1
437 1
18 1
60 1
61 1
111 1
161 1
283 1
350 1
405 1
498 1
17 1
79 1
183 1
226 1
228 1
269 1
278 1
350 1
503 1
15 1
90 1
226 1
266 1
320 1
437 1
477 1
481 1
496 1
35 1
147 1
354 1
358 1
398 1
413 1
478 1
14 1
98 1
210 1
289 1
291 1
123 1
134 1
280 1
287 1
13 1
105 1
311 1
362 1
445 1
457 1
474 1
138 1
161 1
207 1
336 1
477 1
495 1
291 1
24 1
62 1
378 1
159 1
239 1
273 1
358 1
501 1
224 1
247 1
352 1
376 1
408 1
447 1
482 1
47 1
70 1
243 1
387 1
3 1
270 1
320 1
410 1
12 1
212 1
420 1
432 1
464 1
14 1
37 1
151 1
189 1
258 1
302 1
439 1
456 1
6 1
282 1
4 1
49 1
161 1
287 1
139 1
306 1
59 1
73 1
93 1
122 1
176 1
243 1
7 1
32 1
52 1
200 1
293 1
315 1
332 1
379 1
391 1
72 1
82 1
295 1
322 1
335 1
406 1
440 1
447 1
481 1
489 1
139 1
168 1
232 1
356 1
411 1
33 1
202 1
51 1
121 1
149 1
187 1
285 1
387 1
400 1
446 1
476 1
77 1
100 1
130 1
357 1
398 1
423 1
149 1
92 1
201 1
44 1
68 1
120 1
190 1
396 1
455 1
491 1
52 1
85 1
222 1
329 1
395 1
75 1
161 1
405 1
90 1
370 1
392 1
407 1
501 1
179 1
252 1
254 1
510 1
39 1
119 1
159 1
160 1
194 1
391 1
462 1
97 1
148 1
277 1
365 1
80 1
117 1
125 1
126 1
265 1
323 1
412 1
120 1
167 1
406 1
87 1
186 1
207 1
243 1
255 1
296 1
192 1
363 1
367 1
397 1
413 1
451 1
57 1
162 1
171 1
388 1
403 1
466 1
166 1
201 1
202 1
315 1
398 1
507 1
43 1
72 1
80 1
138 1
208 1
378 1
465 1
15 1
126 1
234 1
267 1
422 1
46 1
148 1
175 1
266 1
276 1
293 1
380 1
502 1
47 1
311 1
389 1
441 1
249 1
402 1
479 1
235 1
339 1
370 1
405 1
434 1
223 1
246 1
257 1
258 1
434 1
2 1
61 1
224 1
327 1
433 1
494 1
76 1
109 1
151 1
447 1
9 1
162 1
181 1
288 1
34 1
125 1
201 1
286 1
297 1
305 1
426 1
25 1
74 1
76 1
112 1
116 1
223 1
381 1
446 1
82 1
143 1
178 1
315 1
447 1
38 1
201 1
216 1
223 1
247 1
409 1
14 1
91 1
130 1
341 1
392 1
436 1
471 1
39 1
80 1
106 1
159 1
190 1
216 1
280 1
117 1
262 1
342 1
4 1
86 1
131 1
251 1
278 1
419 1
463 1
107 1
273 1
296 1
11 1
115 1
107 1
240 1
333 1
357 1
481 1
60 1
228 1
316 1
352 1
432 1
12 1
48 1
235 1
293 1
381 1
431 1
506 1
89 1
261 1
308 1
416 1
121 1
124 1
128 1
291 1
327 1
347 1
413 1
414 1
211 1
304 1
437 1
48 1
423 1
24 1
37 1
156 1
162 1
249 1
269 1
346 1
366 1
369 1
435 1
446 1
24 1
89 1
256 1
334 1
348 1
462 1
496 1
324 1
382 1
156 1
192 1
229 1
274 1
290 1
388 1
40 1
46 1
238 1
258 1
411 1
166 1
232 1
259 1
178 1
217 1
364 1
248 1
294 1
360 1
373 1
452 1
497 1
54 1
98 1
136 1
313 1
391 1
420 1
437 1
33 1
38 1
150 1
284 1
338 1
378 1
388 1
417 1
421 1
6 1
35 1
58 1
72 1
146 1
351 1
501 1
20 1
132 1
319 1
473 1
89 1
346 1
351 1
509 1
52 1
132 1
178 1
233 1
240 1
271 1
312 1
405 1
108 1
152 1
174 1
326 1
445 1
485 1
30 1
160 1
197 1
306 1
31 1
88 1
209 1
247 1
254 1
511 1
125 1
199 1
222 1
395 1
78 1
83 1
109 1
148 1
189 1
248 1
301 1
382 1
482 1
33 1
54 1
289 1
373 1
67 1
287 1
314 1
511 1
164 1
508 1
497 1
40 1
47 1
229 1
267 1
294 1
100 1
135 1
175 1
274 1
400 1
438 1
427 1
225 1
230 1
381 1
503 1
5 1
155 1
158 1
183 1
347 1
408 1
501 1
68 1
76 1
406 1
78 1
104 1
147 1
162 1
308 1
507 1
20 1
182 1
288 1
501 1
108 1
155 1
187 1
323 1
216 1
278 1
304 1
476 1
10 1
222 1
237 1
423 1
46 1
71 1
81 1
189 1
192 1
247 1
283 1
303 1
353 1
487 1
47 1
170 1
232 1
449 1
373 1
114 1
124 1
173 1
257 1
317 1
284 1
352 1
391 1
470 1
511 1
122 1
125 1
263 1
273 1
345 1
369 1
374 1
19 1
79 1
370 1
145 1
192 1
261 1
412 1
52 1
60 1
142 1
337 1
213 1
344 1
369 1
388 1
430 1
273 1
378 1
456 1
81 1
114 1
153 1
217 1
245 1
246 1
248 1
340 1
364 1
76 1
185 1
198 1
218 1
261 1
507 1
200 1
230 1
452 1
170 1
183 1
186 1
206 1
244 1
109 1
125 1
255 1
472 1
496 1
25 1
284 1
12 1
46 1
65 1
237 1
297 1
388 1
353 1
364 1
505 1
4 1
125 1
165 1
324 1
358 1
395 1
130 1
181 1
309 1
335 1
60 1
106 1
227 1
277 1
7 1
123 1
308 1
416 1
27 1
374 1
14 1
290 1
320 1
364 1
369 1
438 1
487 1
501 1
154 1
197 1
224 1
228 1
290 1
445 1
460 1
109 1
131 1
315 1
367 1
510 1
116 1
196 1
16 1
70 1
194 1
257 1
287 1
192 1
206 1
221 1
377 1
398 1
448 1
465 1
468 1
496 1
42 1
196 1
239 1
324 1
329 1
410 1
50 1
150 1
252 1
356 1
368 1
464 1
121 1
149 1
260 1
334 1
365 1
490 1
154 1
308 1
432 1
28 1
142 1
166 1
193 1
289 1
407 1
467 1
484 1
11 1
33 1
459 1
89 1
173 1
226 1
272 1
310 1
450 1
103 1
105 1
176 1
205 1
399 1
498 1
134 1
454 1
458 1
476 1
